run ./color_L1.py
color grey80
set_color COL1, [0.34832334141176474,0.4657111465098039,0.8883461629411764]
color_L1 PDB/pdb3al4.ent,3 4 5 7 8 9 10 11 14 15 16 17 18 89 90 91 92 98 99 100 101 102 112 113 114 115 116 136 137 138 139 142 143 144 145 146 152 153 154 155 156 158 159 160 161 162 163 173 174 175 176 177 178 179 180 181 182 183 184 185 186 187 188 189 198 199 200 201 202 203 204 205 206 207 208 209 210 218 219 220 221 222 226 227 228 229 230 231 232 237 238 239 240 241 242 243 244 266 267 268 269 270 271 272 273 274 275 298 299 300 301 302 313 314 325 326 327 336 337 338 339 340 389 390 391 392 393 466 467 468 469 470 487 488 489 490 491 514 515 516 517 518, COL1, 0,0,0,grey80
set_color COL2, [0.48385432959999997,0.6220498496,0.9748082026]
color_L1 PDB/pdb3al4.ent,3 4 5 98 99 100 101 102 112 113 114 115 116 143 144 145 146 156 158 159 160 161 162 163 174 175 176 177 178 179 180 181 182 183 184 198 199 200 201 202 203 204 205 206 207 218 219 220 221 222 228 229 230 240 241 266 267 268 269 270 336 337 338 339 340 389 390 391 392 393 466 467 468 469 470 487 488 489 490 491, COL2, 0,0,0,grey80
set_color COL3, [0.6193179451882354,0.7441207347647059,0.9989309188196078]
color_L1 PDB/pdb3al4.ent,98 99 100 101 102 159 160 161 162 180 181 182 183 198 199 200 201 202 203 204 205 218 219 220 221 222 336 337 338 339 340 389 390 391 392 393, COL3, 0,0,0,grey80
set_color COL4, [0.753610618,0.830232851,0.960871157]
color_L1 PDB/pdb3al4.ent,99 100 101 102 160 180 181 182 198 199 200 201 202 203 204 340, COL4, 0,0,0,grey80
set_color COL5, [0.8674276350862745,0.864376599772549,0.8626024620196079]
color_L1 PDB/pdb3al4.ent,180 181 200 201 202 203 204, COL5, 0,0,0,grey80
set_color COL6, [0.9473454036,0.7946955048,0.7169905058]
color_L1 PDB/pdb3al4.ent,200 201 202 203 204, COL6, 0,0,0,grey80
set_color COL7, [0.9684997476666667,0.673977379772549,0.5566492560470588]
color_L1 PDB/pdb3al4.ent,200 201 202, COL7, 0,0,0,grey80
set_color COL8, [0.9318312966,0.5190855232,0.4064796086]
color_L1 PDB/pdb3al4.ent,201 202, COL8, 0,0,0,grey80
set ray_opaque_background, 0
show surface
